Andromeda	-0.343600003	-0.156557367	-0.467636524	-0.118221683
Andromeda	-0.467636524	-0.118221683	-0.527948897	-0.085666673
Andromeda	-0.527948897	-0.085666673	-0.587587744	-0.021503076
Andromeda	-0.587587744	-0.021503076	-0.559048629	-0.096857568
Andromeda	-0.559048629	-0.096857568	-0.490118288	-0.153867804
Andromeda	-0.490118288	-0.153867804	-0.378783194	-0.227371018
Aquila	-0.293891913	1.065756863	-0.31037398	1.043901033
Aquila	-0.31037398	1.043901033	-0.345112634	0.881944934
Aquila	-0.345112634	0.881944934	-0.22047635	0.751535123
Aquila	-0.22047635	0.751535123	-0.197115286	0.740596959
Aquila	-0.22047635	0.751535123	-0.371162931	0.742408502
Aquila	-0.371162931	0.742408502	-0.397882114	0.757987677
Aquila	-0.397882114	0.757987677	-0.431028856	0.783228869
Aquila	-0.431028856	0.783228869	-0.54990232	0.852464267
Aquila	-0.54990232	0.852464267	-0.463069318	0.86664493
Aquila	-0.463069318	0.86664493	-0.345112634	0.881944934
Auriga	-0.075912692	-0.396850607	-0.106795895	-0.412701454
Auriga	-0.106795895	-0.412701454	-0.104849132	-0.440963979
Auriga	-0.104849132	-0.440963979	-0.146908935	-0.520754828
Auriga	-0.146908935	-0.520754828	-0.103098653	-0.570207077
Auriga	-0.070502702	-0.570773338	-0.000613524	-0.496267976
Auriga	-0.000613524	-0.496267976	-0.000874683	-0.414749497
Auriga	-0.000874683	-0.414749497	-0.075912692	-0.396850607
Bootes	0.632819859	0.346040172	0.589963306	0.396625746
Bootes	0.589963306	0.396625746	0.451841406	0.352435482
Bootes	0.451841406	0.352435482	0.381630491	0.298341232
Bootes	0.381630491	0.298341232	0.333832248	0.22598602
Bootes	0.333832248	0.22598602	0.278692254	0.204688612
Bootes	0.381630491	0.298341232	0.324031527	0.329545071
Bootes	0.324031527	0.329545071	0.354768724	0.406320994
Bootes	0.354768724	0.406320994	0.460080771	0.403420821
Bootes	0.460080771	0.403420821	0.589963306	0.396625746
Bootes	0.589963306	0.396625746	0.598926658	0.507627295
CanisMajor	0.612663666	-1.594310456	0.544559338	-1.568534458
CanisMajor	0.544559338	-1.568534458	0.474064806	-1.541370571
CanisMajor	0.474064806	-1.541370571	0.429243815	-1.641528825
CanisMajor	0.474064806	-1.541370571	0.416761122	-1.477312237
CanisMajor	0.416761122	-1.477312237	0.263055068	-1.318457886
CanisMajor	0.263055068	-1.318457886	0.135994047	-1.36852648
CanisMinor	0.383206094	-0.828384515	0.321006679	-0.803082032
Capricornus	-0.706516234	1.027507195	-0.749186567	1.060074473
Capricornus	-0.749186567	1.060074473	-1.045979747	1.181399168
Capricornus	-1.045979747	1.181399168	-1.110206472	1.192461717
Capricornus	-1.110206472	1.192461717	-1.171998089	0.926695938
Capricornus	-1.171998089	0.926695938	-1.11246259	0.729131105
Capricornus	-1.11246259	0.729131105	-1.040518103	0.855959196
Capricornus	-1.040518103	0.855959196	-0.984191501	0.934507114
Capricornus	-0.984191501	0.934507114	-0.749186567	1.060074473
Cassiopeia	-0.205371437	-0.111952768	-0.247336117	-0.097199805
Cassiopeia	-0.247336117	-0.097199805	-0.253302516	-0.063977803
Cassiopeia	-0.253302516	-0.063977803	-0.295930071	-0.052846406
Cassiopeia	-0.295930071	-0.052846406	-0.27569732	-0.011032985
Cetus	-0.651810069	-0.664832349	-0.605705388	-0.604121727
Cetus	-0.605705388	-0.604121727	-0.629753704	-0.551955183
Cetus	-0.629753704	-0.551955183	-0.6882945	-0.519373751
Cetus	-0.6882945	-0.519373751	-0.715136857	-0.617834309
Cetus	-0.715136857	-0.617834309	-0.651810069	-0.664832349
Cetus	-0.715136857	-0.617834309	-0.76310233	-0.637392828
Cetus	-0.76310233	-0.637392828	-0.826273645	-0.590463867
Cetus	-0.826273645	-0.590463867	-1.059872762	-0.560285895
Cetus	-1.059872762	-0.560285895	-1.191218374	-0.581425023
Cetus	-1.191218374	-0.581425023	-1.351238485	-0.260105611
Cetus	-1.351238485	-0.260105611	-1.163025952	-0.098769368
Cetus	-1.163025952	-0.098769368	-1.142473713	-0.352471462
Cetus	-1.142473713	-0.352471462	-1.077407951	-0.413668063
Cetus	-1.077407951	-0.413668063	-1.059872762	-0.560285895
CoronaBorealis	0.336208119	0.449895956	0.362257255	0.462904398
CoronaBorealis	0.362257255	0.462904398	0.365069299	0.496451749
CoronaBorealis	0.365069299	0.496451749	0.350261718	0.513143772
CoronaBorealis	0.350261718	0.513143772	0.312726744	0.528704291
CoronaBorealis	0.312726744	0.528704291	0.286399905	0.503302434
Corvus	1.560471918	0.057219908	1.498534787	0.066191749
Corvus	1.498534787	0.066191749	1.505158868	0.227521916
Corvus	1.505158868	0.227521916	1.328195856	0.173976009
Corvus	1.328195856	0.173976009	1.361633104	0.094020675
Corvus	1.361633104	0.094020675	1.498534787	0.066191749
Cygnus	-0.428657283	0.382815333	-0.352889418	0.398168234
Cygnus	-0.352889418	0.398168234	-0.269561058	0.37715595
Cygnus	-0.269561058	0.37715595	-0.182556776	0.370324294
Cygnus	-0.182556776	0.370324294	-0.147776516	0.330229674
Cygnus	-0.147776516	0.330229674	-0.132359192	0.320730187
Cygnus	-0.132359192	0.320730187	-0.109271301	0.312466858
Cygnus	-0.266354045	0.313472655	-0.269561058	0.37715595
Cygnus	-0.269561058	0.37715595	-0.252522689	0.454159943
Cygnus	-0.252522689	0.454159943	-0.231858665	0.554842576
Delphinus	-0.508156952	0.643438303	-0.490486953	0.597394265
Delphinus	-0.490486953	0.597394265	-0.484224431	0.578954785
Delphinus	-0.484224431	0.578954785	-0.499790303	0.561692066
Delphinus	-0.499790303	0.561692066	-0.501345639	0.579535248
Delphinus	-0.501345639	0.579535248	-0.490486953	0.597394265
Gemini	0.15643855	-0.78141964	0.122507311	-0.738008079
Gemini	0.122507311	-0.738008079	0.191256714	-0.665894704
Gemini	0.191256714	-0.665894704	0.231095442	-0.633925251
Gemini	0.231095442	-0.633925251	0.283616188	-0.578719603
Gemini	0.283616188	-0.578719603	0.266321529	-0.53826925
Gemini	0.266321529	-0.53826925	0.222871572	-0.508921835
Gemini	0.222871572	-0.508921835	0.211045274	-0.515221775
Gemini	0.211045274	-0.515221775	0.175462784	-0.547049257
Gemini	0.175462784	-0.547049257	0.121025215	-0.623831708
Gemini	0.121025215	-0.623831708	0.066781306	-0.664660363
Gemini	0.066781306	-0.664660363	0.043307613	-0.666689356
Hercules	0.0361732	0.402338527	0.008113039	0.49578816
Hercules	0.008113039	0.49578816	0.078459366	0.490752254
Hercules	0.078459366	0.490752254	0.097603017	0.491056756
Hercules	0.097603017	0.491056756	0.157758755	0.451013943
Hercules	0.157758755	0.451013943	0.161326262	0.410075205
Hercules	0.161326262	0.410075205	0.169828716	0.36309524
Hercules	0.169828716	0.36309524	0.193547059	0.36696528
Hercules	-0.0194505	0.591520441	0.005754286	0.58610795
Hercules	0.005754286	0.58610795	0.035700412	0.603128864
Hercules	0.035700412	0.603128864	0.07940833	0.618451551
Hercules	0.07940833	0.618451551	0.124625954	0.626775191
Hercules	0.124625954	0.626775191	0.145975587	0.547494828
Hercules	0.145975587	0.547494828	0.188193055	0.526205622
Hercules	0.188193055	0.526205622	0.260015189	0.629414565
Hercules	0.260015189	0.629414565	0.295198231	0.647129736
Hercules	0.260015189	0.629414565	0.15257125	0.760665212
Hercules	0.097603017	0.491056756	0.145975587	0.547494828
Hercules	0.157758755	0.451013943	0.188193055	0.526205622
Hydra	0.624324385	-0.649997815	0.615819257	-0.713328595
Hydra	0.615819257	-0.713328595	0.60240313	-0.72592026
Hydra	0.60240313	-0.72592026	0.574646143	-0.699274569
Hydra	0.574646143	-0.699274569	0.594490229	-0.667436625
Hydra	0.594490229	-0.667436625	0.624324385	-0.649997815
Hydra	0.624324385	-0.649997815	0.720271405	-0.635283991
Hydra	0.720271405	-0.635283991	0.835272205	-0.585678987
Hydra	0.835272205	-0.585678987	0.915791247	-0.718179612
Hydra	0.915791247	-0.718179612	1.100535443	-0.69125712
Hydra	1.100535443	-0.69125712	1.10378334	-0.604825477
Hydra	1.10378334	-0.604825477	1.103772818	-0.571021756
Hydra	1.103772818	-0.571021756	1.235837271	-0.536823103
Hydra	1.235837271	-0.536823103	1.26941265	-0.402579811
Hydra	1.26941265	-0.402579811	1.786310767	-0.211423812
Hydra	1.786310767	-0.211423812	1.876190823	-0.058142232
Hydra	1.876190823	-0.058142232	1.426786837	0.511683224
Hydra	1.426786837	0.511683224	1.38141037	0.849572394
Leo	0.746258898	-0.151037031	0.679559176	-0.137949117
Leo	0.679559176	-0.137949117	0.772396544	-0.036931969
Leo	0.772396544	-0.036931969	0.746258898	-0.151037031
Leo	0.746258898	-0.151037031	0.716022803	-0.379247906
Leo	0.716022803	-0.379247906	0.655162175	-0.350804286
Leo	0.655162175	-0.350804286	0.636428415	-0.296884144
Leo	0.636428415	-0.296884144	0.591059653	-0.286100687
Leo	0.591059653	-0.286100687	0.530928443	-0.329349963
Leo	0.530928443	-0.329349963	0.543635523	-0.360336411
LeoMinor	0.507046708	-0.15188018	0.461787172	-0.196294515
LeoMinor	0.461787172	-0.196294515	0.456619186	-0.244281548
Lepus	-0.020165237	-1.283653268	-0.073929205	-1.296935615
Lepus	-0.073929205	-1.296935615	-0.162933847	-1.362191278
Lepus	-0.162933847	-1.362191278	-0.271726901	-1.303999097
Lepus	-0.054990157	-1.450685363	-0.101367351	-1.491705793
Lepus	-0.101367351	-1.491705793	-0.20012975	-1.434593432
Lepus	-0.20012975	-1.434593432	-0.352009282	-1.450876427
Lepus	-0.162933847	-1.362191278	-0.20012975	-1.434593432
Lyra	-0.044014584	0.506909977	-0.07690559	0.473085391
Lyra	-0.07690559	0.473085391	-0.09050003	0.461637896
Lyra	-0.09050003	0.461637896	-0.095494425	0.482650507
Lyra	-0.095494425	0.482650507	-0.116784457	0.526056428
Lyra	-0.116784457	0.526056428	-0.13897858	0.528501976
Lyra	-0.13897858	0.528501976	-0.117708607	0.485621847
Lyra	-0.117708607	0.485621847	-0.095494425	0.482650507
Ophiuchus	0.245260362	1.709915803	0.259070075	1.54814172
Ophiuchus	0.259070075	1.54814172	0.225925499	1.528426212
Ophiuchus	0.225925499	1.528426212	0.246925318	1.437020705
Ophiuchus	0.246925318	1.437020705	0.283731211	1.289589203
Ophiuchus	0.283731211	1.289589203	0.425760459	1.125999367
Ophiuchus	0.425760459	1.125999367	0.465942573	0.980352641
Ophiuchus	0.465942573	0.980352641	0.474548985	0.955274909
Ophiuchus	0.474548985	0.955274909	0.227923758	0.817248916
Ophiuchus	0.227923758	0.817248916	0.087513046	0.796933741
Ophiuchus	0.087513046	0.796933741	0.066549588	0.920901693
Ophiuchus	0.066549588	0.920901693	0.283731211	1.289589203
Ophiuchus	0.066549588	0.920901693	0.0504046	0.952499453
Ophiuchus	0.0504046	0.952499453	-0.002625535	0.950094909
Ophiuchus	-0.002625535	0.950094909	-0.022762579	0.957030372
Ophiuchus	0.0504046	0.952499453	0.005092856	1.186972355
Orion	-0.227530152	-1.131821819	-0.063298339	-1.183109616
Orion	-0.063298339	-1.183109616	-0.086789294	-1.030848984
Orion	-0.086789294	-1.030848984	-0.018523849	-0.878218762
Orion	-0.018523849	-0.878218762	0.008780506	-0.844309576
Orion	0.008780506	-0.844309576	0.040509805	-0.777299297
Orion	0.040509805	-0.777299297	0.011935024	-0.698308013
Orion	0.040509805	-0.777299297	0.025435514	-0.770124073
Orion	0.025435514	-0.770124073	-0.017121299	-0.696412257
Orion	-0.018523849	-0.878218762	-0.090970939	-0.835139029
Orion	-0.090970939	-0.835139029	-0.13568389	-0.884546991
Orion	-0.13568389	-0.884546991	-0.26683666	-0.844156711
Orion	-0.26683666	-0.844156711	-0.255142797	-0.816658438
Orion	-0.255142797	-0.816658438	-0.234586405	-0.803307111
Orion	-0.26683666	-0.844156711	-0.268108176	-0.866117576
Orion	-0.268108176	-0.866117576	-0.271165592	-0.919120229
Orion	-0.271165592	-0.919120229	-0.257183372	-0.935824544
Orion	-0.13568389	-0.884546991	-0.122507344	-0.997742253
Orion	-0.122507344	-0.997742253	-0.207351319	-1.107971975
Orion	-0.207351319	-1.107971975	-0.227530152	-1.131821819
Pegasus	-0.610999025	-0.024379546	-0.763509814	-0.044135117
Pegasus	-0.763509814	-0.044135117	-0.742377549	0.182517158
Pegasus	-0.742377549	0.182517158	-0.581910883	0.145716116
Pegasus	-0.581910883	0.145716116	-0.588265351	0.001827272
Pegasus	-0.581910883	0.145716116	-0.542640805	0.189498653
Pegasus	-0.542640805	0.189498653	-0.557467953	0.299538336
Pegasus	-0.557467953	0.299538336	-0.52258855	0.350393162
Pegasus	-0.581910883	0.145716116	-0.612255812	0.193043516
Pegasus	-0.612255812	0.193043516	-0.621439631	0.206374157
Pegasus	-0.621439631	0.206374157	-0.610441272	0.409812997
Pegasus	-0.610441272	0.409812997	-0.542424632	0.446809204
Pegasus	-0.742377549	0.182517158	-0.766333113	0.253873291
Pegasus	-0.766333113	0.253873291	-0.778721455	0.277864667
Pegasus	-0.778721455	0.277864667	-0.796261612	0.413624787
Pegasus	-0.796261612	0.413624787	-0.697563565	0.469701119
Perseus	-0.321269702	-0.156086811	-0.225524452	-0.207895513
Perseus	-0.225524452	-0.207895513	-0.22820911	-0.237939619
Perseus	-0.22820911	-0.237939619	-0.229525551	-0.284242589
Perseus	-0.229525551	-0.284242589	-0.217354882	-0.318979024
Perseus	-0.217354882	-0.318979024	-0.236876463	-0.401535247
Perseus	-0.236876463	-0.401535247	-0.257939933	-0.442075256
Perseus	-0.257939933	-0.442075256	-0.290078622	-0.47390663
Perseus	-0.290078622	-0.47390663	-0.307497401	-0.45724518
Perseus	-0.229525551	-0.284242589	-0.281515507	-0.3058332
Perseus	-0.281515507	-0.3058332	-0.310881353	-0.33386588
Perseus	-0.310881353	-0.33386588	-0.330767187	-0.346027316
Perseus	-0.330767187	-0.346027316	-0.356226108	-0.328092999
SerpensA	0.213307154	1.235452363	0.128187648	1.306380537
SerpensA	0.128187648	1.306380537	0.101690004	1.250238786
SerpensA	0.101690004	1.250238786	-0.097623453	1.047379903
SerpensA	-0.097623453	1.047379903	-0.22564575	0.901384532
SerpensB	0.571967367	0.894503756	0.494085592	0.781691974
SerpensB	0.494085592	0.781691974	0.498889373	0.741493502
SerpensB	0.498889373	0.741493502	0.492044508	0.669837428
SerpensB	0.492044508	0.669837428	0.419788199	0.635334445
SerpensB	0.419788199	0.635334445	0.392728929	0.609006882
SerpensB	0.392728929	0.609006882	0.389221679	0.650664137
SerpensB	0.389221679	0.650664137	0.419788199	0.635334445
Taurus	-0.534897072	-0.665277785	-0.521464901	-0.662465402
Taurus	-0.521464901	-0.662465402	-0.399338286	-0.696344255
Taurus	-0.399338286	-0.696344255	-0.321274783	-0.687278885
Taurus	-0.321274783	-0.687278885	-0.293155031	-0.696112549
Taurus	-0.293155031	-0.696112549	-0.267814817	-0.696923918
Taurus	-0.267814817	-0.696923918	-0.066789133	-0.682189913
Taurus	-0.321274783	-0.687278885	-0.301111666	-0.667924211
Taurus	-0.301111666	-0.667924211	-0.276017556	-0.655152273
Taurus	-0.276017556	-0.655152273	-0.220486501	-0.624655065
Taurus	-0.220486501	-0.624655065	-0.08702378	-0.587255132
UrsaMajor	0.330701686	0.167653602	0.295067358	0.113142665
UrsaMajor	0.295067358	0.113142665	0.297651886	0.071482789
UrsaMajor	0.297651886	0.071482789	0.295235791	0.019889901
UrsaMajor	0.295235791	0.019889901	0.327748235	-0.008844755
UrsaMajor	0.327748235	-0.008844755	0.385359017	-0.023485182
UrsaMajor	0.385359017	-0.023485182	0.533018101	-0.097666865
UrsaMajor	0.533018101	-0.097666865	0.550394525	-0.101595644
UrsaMajor	0.385359017	-0.023485182	0.409269718	-0.091388875
UrsaMajor	0.409269718	-0.091388875	0.410170695	-0.18624154
UrsaMajor	0.410170695	-0.18624154	0.392503414	-0.189145281
UrsaMajor	0.295235791	0.019889901	0.244088623	-0.061178747
UrsaMajor	0.244088623	-0.061178747	0.292407261	-0.075848569
UrsaMajor	0.292407261	-0.075848569	0.327748235	-0.008844755
UrsaMajor	0.244088623	-0.061178747	0.190974477	-0.144542051
UrsaMajor	0.190974477	-0.144542051	0.159261414	-0.207085396
UrsaMajor	0.159261414	-0.207085396	0.234223482	-0.147807827
UrsaMajor	0.234223482	-0.147807827	0.292407261	-0.075848569
UrsaMajor	0.234223482	-0.147807827	0.278284669	-0.208088856
UrsaMajor	0.278284669	-0.208088856	0.270189807	-0.272082702
UrsaMajor	0.270189807	-0.272082702	0.28176379	-0.273008378
UrsaMinor	0.059768563	0.088652251	0.054039546	0.112663051
UrsaMinor	0.054039546	0.112663051	0.102379465	0.122788837
UrsaMinor	0.102379465	0.122788837	0.102309536	0.094325902
UrsaMinor	0.102309536	0.094325902	0.059768563	0.088652251
UrsaMinor	0.059768563	0.088652251	0.022094132	0.066000499
UrsaMinor	0.022094132	0.066000499	0.003605675	0.029579238
UrsaMinor	0.003605675	0.029579238	-0.005063616	-0.003949019
Virgo	1.001827775	0.656098113	1.133512711	0.44184318
Virgo	1.133512711	0.44184318	1.050748941	0.331047859
Virgo	1.050748941	0.331047859	1.00873315	0.185364671
Virgo	1.00873315	0.185364671	1.007897177	0.08773645
Virgo	1.007897177	0.08773645	0.968863456	-0.039407586
Virgo	0.723960605	0.641821428	0.839500226	0.492696
Virgo	0.839500226	0.492696	0.92544129	0.405678572
Virgo	0.92544129	0.405678572	0.914796922	0.226389351
Virgo	0.914796922	0.226389351	0.794772	0.221032334
Virgo	1.133512711	0.44184318	0.92544129	0.405678572
Virgo	1.00873315	0.185364671	0.914796922	0.226389351
